I =

     0 1 2 3
     0 1 2 3
     0 1 2 3
     0 1 2 3
I =

     0 1 2
     0 1 2
I =

     0
     0
     0
U =

     0 1 2
     0 1 2
     0 1 2
