I =

     1 2 3 4
     1 2 3 4
     1 2 3 4
     1 2 3 4
I =

     1 2 3
     1 2 3
I =

     1 2 3
U =

     1 2 3
     1 2 3
     1 2 3
