I =

     1 3 5 7
I =

     0 0.1 0.2 0.3 0.4 0.5 0.6 0.7 0.8 0.9 1
U =

     4 2 0 -2 -4
