I =

     -1 0 1 2
     -1 0 1 2
     -1 0 1 2
     -1 0 1 2
I =

     3 4 5
     3 4 5
I =

     0 1 2
U =

     -1 0 1
     -1 0 1
     -1 0 1
