I =

     1 0 0 0
     0 1 0 0
     0 0 1 0
     0 0 0 1
I =

     1 0 0
     0 1 0
I =

     1
     0
     0
U =

     1 0 0
     0 1 0
     0 0 1
