I =

     1 2 3 1
     2 3 1 2
     3 1 2 3
     1 2 3 1
C =

     1
     2
     3
     1
     2
